1 46.05068 14.514648
2 46.056946 14.506657
3 46.056282 14.53472
4 46.0802 14.512336
5 46.039043 14.499349
6 46.07863 14.47245
7 46.054348 14.511058
8 46.090405 14.472586
9 46.202705 14.54154
10 46.102444 14.52962
11 46.16294 14.568621
12 46.20713 14.597292
13 46.13547 14.744668
14 46.056072 14.584388
15 45.95609 14.657687
16 45.93834 14.805899
17 45.7404 14.727302
18 45.641872 14.856227
19 46.020454 14.415679
20 45.91946 14.365691
21 45.963432 14.295495
22 46.13066 14.996306
23 46.14821 15.041694
24 46.160404 15.05368
25 46.54848 15.674366
26 46.55141 15.621176
27 46.697174 15.73495
28 46.555706 15.697368
29 46.577286 15.830527
30 46.60704 15.891442
31 46.50055 15.749531
32 46.41658 15.85987
33 46.465202 16.151144
34 46.40802 16.14876
35 46.412025 16.01331
36 46.36918 15.902344
37 46.426327 15.611214
38 46.317364 15.667044
39 46.403446 15.797029
40 46.453472 15.674747
41 46.572525 15.611964
42 46.551502 15.492873
43 46.567127 15.5783615
44 46.61004 15.163392
45 46.589108 15.024296
46 46.544685 14.966227
47 46.545135 14.914472
48 46.470398 14.849878
49 46.229385 15.267383
50 46.228653 15.518463
51 46.25267 15.15992
52 46.28077 15.076007
53 46.338825 14.960194
54 46.248505 14.356739
55 46.23103 14.346299
56 46.24729 14.368916
57 46.237797 14.365588
58 46.272945 14.315732
59 46.242332 14.419052
60 46.166843 14.305879
61 46.047768 14.1099615
62 46.225803 14.168807
63 46.361282 14.158083
64 46.272335 13.952835
65 46.439583 14.043174
66 46.404423 14.137555
67 46.484974 13.782045
68 46.361626 14.307126
69 45.955513 13.648112
70 45.954037 13.673495
71 46.183018 13.733563
72 45.887318 13.90311
73 46.001343 14.026122
74 45.928356 13.640545
75 45.54022 13.739242
76 45.70752 13.868562
77 45.77427 14.213853
78 45.53688 13.660541
79 45.798637 15.155294
80 45.804844 15.164336
81 45.90752 15.007284
82 45.952526 15.059968
83 45.90491 15.593432
84 45.89505 15.660069
85 45.859417 15.689638
86 45.957996 15.494492
87 46.00977 15.302932
88 45.843937 15.33886
89 45.644936 15.316792
90 45.57478 15.190507
91 46.660828 16.163782
92 46.803055 16.21773
93 46.561867 16.454927
94 46.53953 16.333834
95 46.675167 15.994198
96 46.642605 16.039293

